9043.01
50315
50552
50737
50760.00
52042
52251
52252
52473.00
52474.00
52681
52683
52686
52708.00
53111
53121.00
54025
54036.00
54043
54185
54192
54216
54249+206 pieces
54259.00
54312
54313
54353.00
54393.00cop
54395.00cop
54406
54448
54489
54586
54587
54588
54589
54595
54598
54717.00
54728
54821
54997
55053
55053BLK
55073.00
55080.00
55303
55304
55305
55306
55309
55405
55406
55407
55412
55433.00
55463
55864
56286
56357.00
56397 MF201215-Q
56512
56514.00
56516.00
56624 MF201215-K
56625 MF090052-K
56702.00
56838
56867 MF201415-Q
56955
56969.00
57034
57035
57036
57037
57038
57039
57071.00
57077
57078
57079
57101
57104
57105
57106
57137
57179 MF201415-K
57185
57186
57187
57188
57192.00
57313.00
57314
57335.00(IH0027)
57335.00PU(iH0027)
57336.00PU(iH0028)
57376
57411 MF201530-Q
57458
57482
57483
57519.00
57581
57703
57704
57752
57764.00
57794.00(IHL16004)
57795.00O(IHL16007)
57810.00CGRY
57835.00
57875.00
57900
57916.00
57960.00(LU006)
57961.00(LU007)
57963.00(LU009)
58894-58895
58904
59017
59037.00
59076
59082
59157
59158
59159
59160
59161
59289
59330.00
59351
59446BLK
59949.00
59969
59970
59971
59973
60031
60070.00
60094
60096
60097
60164.00
60271
60311
60445
60457.00
60473.00
60474.00
60475.00
60476.00
60477.00
60479.00
60480.00
60481.00
60482.00
60487.00
60491.00
60493.00
60494.00
60495.00
60496.00
60538
60540.00
60581.00
60634
60635
60636.00
60662.00
60663.00
60664.00
60706.00
60787.00
60788.00
60807
60990 MF201309
60992 MF11008
60993 MF070013
60997.00
61004
61005
61006
61007
61008
61009
61010
61011
61012
61013
61014
61018
61094.00
61112
61113
61141
61145
61170.00
61186
61190.00
61312.00
61391.00
61394
61625
61696
61864.00
